Overall 0.7077922077922078 0.5976696367374914 0.6480862133036045
Private 0.6909090909090909 0.5732758620689655 0.6266195524146054
Federal-gov 0.7846153846153846 0.7391304347826086 0.7611940298507462
State-gov 0.7758620689655172 0.5844155844155844 0.6666666666666666
Self-emp-not-inc 0.6699029126213593 0.46 0.5454545454545454
Local-gov 0.6635514018691588 0.6283185840707964 0.6454545454545455
Self-emp-inc 0.8062015503875969 0.8524590163934426 0.8286852589641434
Without-pay 1.0 1.0 1.0
HS-grad 0.6268656716417911 0.26332288401253917 0.3708609271523179
Masters 0.7591623036649214 0.8787878787878788 0.8146067415730337
10th 0.16666666666666666 0.1 0.125
Bachelors 0.7616926503340757 0.7953488372093023 0.7781569965870307
Prof-school 0.8787878787878788 0.925531914893617 0.9015544041450778
Some-college 0.5360824742268041 0.4444444444444444 0.48598130841121495
11th 0.8333333333333334 0.625 0.7142857142857143
7th-8th 0.3333333333333333 0.16666666666666666 0.2222222222222222
Assoc-voc 0.7547169811320755 0.49382716049382713 0.5970149253731344
Assoc-acdm 0.6363636363636364 0.4117647058823529 0.5
9th 0.0 0.0 0.0
12th 0.8333333333333334 0.8333333333333334 0.8333333333333334
Preschool 0.0 1.0 0.0
5th-6th 1.0 0.0 0.0
Doctorate 0.6727272727272727 0.7872340425531915 0.7254901960784313
1st-4th 1.0 0.0 0.0
Never-married 0.8125 0.2524271844660194 0.3851851851851852
Married-civ-spouse 0.706140350877193 0.6455493183640738 0.6744868035190615
Divorced 0.6285714285714286 0.3235294117647059 0.4271844660194175
Separated 0.7142857142857143 0.38461538461538464 0.5
Widowed 0.8 0.4 0.5333333333333333
Married-spouse-absent 0.75 0.8571428571428571 0.7999999999999999
Married-AF-spouse 1.0 0.0 0.0
Exec-managerial 0.743073047858942 0.8060109289617486 0.7732634338138925
Craft-repair 0.7164179104477612 0.26373626373626374 0.3855421686746988
Prof-specialty 0.7355769230769231 0.8383561643835616 0.7836107554417413
Sales 0.6380368098159509 0.6046511627906976 0.6208955223880597
Other-service 0.5 0.043478260869565216 0.08
Farming-fishing 0.5555555555555556 0.20833333333333334 0.30303030303030304
Adm-clerical 0.7358490566037735 0.375 0.4968152866242037
Protective-serv 0.5294117647058824 0.4 0.4556962025316456
Handlers-cleaners 0.0 0.0 0.0
Machine-op-inspct 0.7 0.15555555555555556 0.2545454545454545
Transport-moving 0.68 0.265625 0.38202247191011235
Tech-support 0.6037735849056604 0.6037735849056604 0.6037735849056604
Priv-house-serv 0.0 1.0 0.0
Armed-Forces 1.0 1.0 1.0
Not-in-family 0.7012987012987013 0.32727272727272727 0.44628099173553726
Husband 0.7097729516288253 0.6374113475177305 0.6716487622606259
Unmarried 0.8461538461538461 0.3055555555555556 0.44897959183673475
Own-child 0.5 0.1 0.16666666666666669
Wife 0.6916666666666667 0.7217391304347827 0.7063829787234043
Other-relative 0.5714285714285714 0.8 0.6666666666666666
White 0.7085201793721974 0.6016755521706016 0.6507413509060955
Black 0.717391304347826 0.44594594594594594 0.55
Asian-Pac-Islander 0.7543859649122807 0.7049180327868853 0.7288135593220338
Other 0.6666666666666666 1.0 0.8
Amer-Indian-Eskimo 0.36363636363636365 0.4444444444444444 0.39999999999999997
Male 0.708941605839416 0.6122931442080378 0.6570824524312895
Female 0.6985294117647058 0.5 0.5828220858895705
United-States 0.7092511013215859 0.6011949215832711 0.650767987065481
Germany 0.8 0.5 0.6153846153846154
El-Salvador 0.5 1.0 0.6666666666666666
England 0.5 0.7142857142857143 0.588235294117647
Mexico 0.6666666666666666 0.2857142857142857 0.4
Haiti 1.0 1.0 1.0
Philippines 0.7857142857142857 0.7333333333333333 0.7586206896551724
China 1.0 0.8333333333333334 0.9090909090909091
Ireland 1.0 0.3333333333333333 0.5
Canada 0.6 0.42857142857142855 0.5
Iran 0.6666666666666666 0.6666666666666666 0.6666666666666666
Japan 1.0 0.8333333333333334 0.9090909090909091
Cuba 1.0 0.16666666666666666 0.2857142857142857
Yugoslavia 1.0 0.0 0.0
India 0.6 0.75 0.6666666666666665
Italy 1.0 0.14285714285714285 0.25
Taiwan 1.0 1.0 1.0
Portugal 1.0 1.0 1.0
Greece 1.0 0.0 0.0
Jamaica 0.0 0.0 0.0
Ecuador 0.5 1.0 0.6666666666666666
Honduras 1.0 1.0 1.0
Scotland 1.0 1.0 1.0
Dominican-Republic 0.0 1.0 0.0
Poland 0.5 0.5 0.5
Columbia 0.0 1.0 0.0
Peru 1.0 1.0 1.0
Puerto-Rico 1.0 0.3333333333333333 0.5
Trinadad&Tobago 1.0 0.5 0.6666666666666666
South 0.0 0.0 0.0
France 0.5 0.3333333333333333 0.4
Guatemala 1.0 1.0 1.0
Laos 1.0 1.0 1.0
Cambodia 0.5 1.0 0.6666666666666666
Thailand 0.0 1.0 0.0
Hong 1.0 0.5 0.6666666666666666
Vietnam 1.0 0.0 0.0
Nicaragua 1.0 0.0 0.0
Outlying-US(Guam-USVI-etc) 1.0 1.0 1.0
Hungary 1.0 1.0 1.0
